 scale  -1.00000000       1.00000000      -1.00000000       1.00000000      -1.00000000       1.00000000    
 data 2
 line   1.00000000       0.00000000       0.00000000             500
   0.00000000       0.00000000       1.00000000    
   1.25902230E-02   1.58538853E-04  0.999920726    
   2.51724608E-02   6.34054886E-04  0.999682903    
   3.77387367E-02   1.42624648E-03  0.999286652    
   5.02810851E-02   2.53461162E-03  0.998731911    
   6.27915412E-02   3.95844691E-03  0.998018801    
   7.52621740E-02   5.69684897E-03  0.997147501    
   8.76850933E-02   7.74871744E-03  0.996118128    
  0.100052394       1.01127485E-02  0.994930804    
  0.112356246       1.27874445E-02  0.993585706    
  0.124588855       1.57711115E-02  0.992083132    
  0.136742443       1.90618522E-02  0.990423203    
  0.148809314       2.26575788E-02  0.988606274    
  0.160781845       2.65560225E-02  0.986632645    
  0.172652394       3.07547022E-02  0.984502554    
  0.184413448       3.52509469E-02  0.982216418    
  0.196057543       4.00419198E-02  0.979774475    
  0.207577333       4.51245792E-02  0.977177262    
  0.218965501       5.04957028E-02  0.974425137    
  0.230214790       5.61518818E-02  0.971518457    
  0.241318092       6.20895326E-02  0.968457758    
  0.252268374       6.83048815E-02  0.965243578    
  0.263058633       7.47939795E-02  0.961876273    
  0.273682117       8.15527439E-02  0.958356559    
  0.284132004       8.85768458E-02  0.954684854    
  0.294401735       9.58618820E-02  0.950861752    
  0.304484785      0.103403211      0.946887970    
  0.314374715      0.111196011      0.942764044    
  0.324065298      0.119235396      0.938490570    
  0.333550304      0.127516210      0.934068382    
  0.342823893      0.136033282      0.929498076    
  0.351880044      0.144781142      0.924780428    
  0.360713035      0.153754264      0.919916153    
  0.369317293      0.162946984      0.914906025    
  0.377687335      0.172353417      0.909750819    
  0.385817885      0.181967661      0.904451430    
  0.393703729      0.191783562      0.899008572    
  0.401339918      0.201794922      0.893423259    
  0.408721596      0.211995393      0.887696207    
  0.415844083      0.222378507      0.881828487    
  0.422702879      0.232937679      0.875820935    
  0.429293573      0.243666187      0.869674563    
  0.435612082      0.254557341      0.863390207    
  0.441654295      0.265603989      0.856969118    
  0.447416455      0.276799381      0.850412011    
  0.452894866      0.288136274      0.843720138    
  0.458086073      0.299607545      0.836894512    
  0.462986797      0.311205924      0.829936147    
  0.467593938      0.322923988      0.822846293    
  0.471904516      0.334754348      0.815625906    
  0.475915849      0.346689522      0.808276236    
  0.479625344      0.358721942      0.800798357    
  0.483030766      0.370843947      0.793193579    
  0.486129791      0.383047760      0.785463095    
  0.488920569      0.395325840      0.777607977    
  0.491401285      0.407670259      0.769629598    
  0.493570387      0.420073271      0.761529207    
  0.495426506      0.432526946      0.753308117    
  0.496968359      0.445023298      0.744967580    
  0.498195171      0.457554698      0.736508906    
  0.499105960      0.470112890      0.727933466    
  0.499700248      0.482690096      0.719242573    
  0.499977708      0.495278269      0.710437715    
  0.499938071      0.507869422      0.701520205    
  0.499581397      0.520455599      0.692491472    
  0.498907894      0.533028722      0.683352947    
  0.497918040      0.545581043      0.674106061    
  0.496612400      0.558104336      0.664752305    
  0.494991869      0.570590913      0.655293167    
  0.493057400      0.583032608      0.645730138    
  0.490810245      0.595421672      0.636064708    
  0.488251865      0.607750297      0.626298428    
  0.485383868      0.620010495      0.616432905    
  0.482208043      0.632194579      0.606469631    
  0.478726447      0.644294918      0.596410215    
  0.474941224      0.656303763      0.586256146    
  0.470854819      0.668213367      0.576009214    
  0.466469824      0.680016339      0.565670967    
  0.461789042      0.691705227      0.555243015    
  0.456815392      0.703272402      0.544727027    
  0.451552063      0.714710891      0.534124672    
  0.446002364      0.726013005      0.523437679    
  0.440169811      0.737171888      0.512667596    
  0.434058160      0.748180449      0.501816273    
  0.427671194      0.759031534      0.490885377    
  0.421013117      0.769718289      0.479876757    
  0.414088041      0.780234039      0.468792051    
  0.406900257      0.790572107      0.457632899    
  0.399454504      0.800725937      0.446401209    
  0.391755491      0.810688972      0.435098857    
  0.383807927      0.820455015      0.423727393    
  0.375616997      0.830017984      0.412288755    
  0.367187977      0.839371502      0.400784880    
  0.358525991      0.848509908      0.389217347    
  0.349636614      0.857427180      0.377588093    
  0.340525538      0.866117954      0.365898967    
  0.331198722      0.874576390      0.354152083    
  0.321661651      0.882797301      0.342348784    
  0.311920613      0.890775502      0.330491245    
  0.301981896      0.898505926      0.318581402    
  0.291851550      0.905983567      0.306620955    
  0.281536102      0.913203895      0.294611871    
  0.271042168      0.920162141      0.282556087    
  0.260376394      0.926853716      0.270455629    
  0.249545440      0.933274865      0.258312166    
  0.238556206      0.939421117      0.246127740    
  0.227415919      0.945288718      0.233904526    
  0.216131210      0.950873911      0.221644014    
  0.204709426      0.956173301      0.209348351    
  0.193157941      0.961183250      0.197019607    
  0.181483835      0.965900898      0.184659511    
  0.169694662      0.970322967      0.172270149    
  0.157797873      0.974446893      0.159853458    
  0.145801127      0.978269815      0.147411555    
  0.133711800      0.981789589      0.134946153    
  0.121537685      0.985003710      0.122459367    
  0.109286718      0.987910211      0.109953396    
   9.69662294E-02  0.990507483       9.74297598E-02
   8.45842361E-02  0.992793620       8.48906711E-02
   7.21486136E-02  0.994767129       7.23381266E-02
   5.96673451E-02  0.996427059       5.97742274E-02
   4.71481271E-02  0.997772157       4.72007357E-02
   3.45990062E-02  0.998801470       3.46197598E-02
   2.20280644E-02  0.999514520       2.20334139E-02
   9.44303535E-03  0.999910831       9.44345631E-03
  -3.14798253E-03  0.999990106      -3.14799813E-03
  -1.57368854E-02  0.999752283      -1.57388356E-02
  -2.83158086E-02  0.999197543      -2.83271763E-02
  -4.08768952E-02  0.998326302      -4.09111455E-02
  -5.34120575E-02  0.997138977      -5.34886271E-02
  -6.59132302E-02  0.995636344      -6.60575107E-02
  -7.83727169E-02  0.993819535      -7.86160380E-02
  -9.07825157E-02  0.991689503      -9.11621079E-02
 -0.103134736      0.989247680     -0.103693716    
 -0.115421429      0.986495495     -0.116208769    
 -0.127635062      0.983434975     -0.128705516    
 -0.139767617      0.980067670     -0.141181737    
 -0.151811555      0.976396143     -0.153635576    
 -0.163759336      0.972422421     -0.166065186    
 -0.175603256      0.968148947     -0.178468451    
 -0.187335819      0.963578761     -0.190843433    
 -0.198949471      0.958714664     -0.203188032    
 -0.210437074      0.953559518     -0.215500534    
 -0.221791208      0.948116720     -0.227778867    
 -0.233004600      0.942389905     -0.240020975    
 -0.244070336      0.936382532     -0.252225131    
 -0.254981220      0.930098414     -0.264389217    
 -0.265730441      0.923541427     -0.276511461    
 -0.276311100      0.916715920     -0.288589776    
 -0.286716610      0.909626126     -0.300622433    
 -0.296940297      0.902276576     -0.312607437    
 -0.306975603      0.894671917     -0.324542791    
 -0.316816330      0.886817038     -0.336426765    
 -0.326456130      0.878716707     -0.348257422    
 -0.335888803      0.870376408     -0.360032737    
 -0.345108598      0.861801147     -0.371751100    
 -0.354109436      0.852996469     -0.383410394    
 -0.362885803      0.843967915     -0.395009011    
 -0.371431917      0.834721208     -0.406544894    
 -0.379742622      0.825262249     -0.418016434    
 -0.387812495      0.815596938     -0.429421723    
 -0.395636290      0.805731773     -0.440758675    
 -0.403209329      0.795672536     -0.452025980    
 -0.410526693      0.785425663     -0.463221639    
 -0.417583674      0.774997950     -0.474343807    
 -0.424375892      0.764395833     -0.485390812    
 -0.430898935      0.753625929     -0.496360838    
 -0.437148750      0.742695272     -0.507252157    
 -0.443121314      0.731610596     -0.518063068    
 -0.448812902      0.720379174     -0.528791845    
 -0.454219759      0.709008157     -0.539436579    
 -0.459338605      0.697504580     -0.549995840    
 -0.464166194      0.685875595     -0.560468018    
 -0.468699455      0.674128652     -0.570851386    
 -0.472935557      0.662271380     -0.581144273    
 -0.476871639      0.650311172     -0.591344953    
 -0.480505377      0.638255596     -0.601451933    
 -0.483834267      0.626112580     -0.611463308    
 -0.486856461      0.613889396     -0.621378005    
 -0.489569843      0.601593912     -0.631194115    
 -0.491972834      0.589234114     -0.640910208    
 -0.494063795      0.576817751     -0.650524616    
 -0.495841444      0.564352512     -0.660035968    
 -0.497304648      0.551846564     -0.669442594    
 -0.498452455      0.539307952     -0.678742945    
 -0.499284267      0.526744246     -0.687935889    
 -0.499799371      0.514163435     -0.697019756    
 -0.499997526      0.501573801     -0.705993056    
 -0.499878585      0.488983035     -0.714854479    
 -0.499442697      0.476399362     -0.723602533    
 -0.498690099      0.463830650     -0.732235909    
 -0.497621238      0.451285303     -0.740752816    
 -0.496236771      0.438770384     -0.749152601    
 -0.494537622      0.426294267     -0.757433653    
 -0.492524832      0.413864881     -0.765594602    
 -0.490199804      0.401490211     -0.773634195    
 -0.487563819      0.389177948     -0.781551063    
 -0.484618664      0.376935929     -0.789344072    
 -0.481366217      0.364772201     -0.797011793    
 -0.477808475      0.352694005     -0.804553270    
 -0.473947734      0.340709239     -0.811967194    
 -0.469786435      0.328825533     -0.819252372    
 -0.465327203      0.317050308     -0.826407671    
 -0.460572898      0.305391163     -0.833431959    
 -0.455526471      0.293855369     -0.840324104    
 -0.450191319      0.282450527     -0.847082913    
 -0.444570571      0.271183461     -0.853707492    
 -0.438667893      0.260061502     -0.860196769    
 -0.432487011      0.249091670     -0.866549671    
 -0.426031888      0.238280997     -0.872765183    
 -0.419306576      0.227636248     -0.878842294    
 -0.412315458      0.217164442     -0.884779930    
 -0.405062914      0.206872001     -0.890577316    
 -0.397553355      0.196765229     -0.896233678    
 -0.389791697      0.186850771     -0.901747882    
 -0.381782800      0.177134901     -0.907119095    
 -0.373531878      0.167623803     -0.912346542    
 -0.365044028      0.158323452     -0.917429328    
 -0.356324822      0.149239942     -0.922366560    
 -0.347379535      0.140378729     -0.927157640    
 -0.338213891      0.131745532     -0.931801736    
 -0.328833818      0.123345889     -0.936298072    
 -0.319245219      0.115185112     -0.940645993    
 -0.309454143      0.107268363     -0.944844782    
 -0.299466819       9.96006727E-02 -0.948893726    
 -0.289289773       9.21870321E-02 -0.952792168    
 -0.278929144       8.50318745E-02 -0.956539690    
 -0.268391550       7.81398639E-02 -0.960135460    
 -0.257683784       7.15153813E-02 -0.963579059    
 -0.246812597       6.51626214E-02 -0.966869891    
 -0.235784903       5.90856299E-02 -0.970007420    
 -0.224607885       5.32883480E-02 -0.972991109    
 -0.213288441       4.77743484E-02 -0.975820482    
 -0.201833516       4.25470211E-02 -0.978495240    
 -0.190250620       3.76097932E-02 -0.981014907    
 -0.178547055       3.29657942E-02 -0.983378947    
 -0.166730270       2.86179725E-02 -0.985587120    
 -0.154807746       2.45690793E-02 -0.987639070    
 -0.142787054       2.08216850E-02 -0.989534378    
 -0.130676046       1.73782315E-02 -0.991272807    
 -0.118481934       1.42407687E-02 -0.992854059    
 -0.106212690       1.14113549E-02 -0.994277954    
  -9.38760862E-02   8.89178365E-03 -0.995544195    
  -8.14799443E-02   6.68365322E-03 -0.996652544    
  -6.90321401E-02   4.78836475E-03 -0.997602940    
  -5.65405563E-02   3.20712035E-03 -0.998395145    
  -4.40133549E-02   1.94094284E-03 -0.999029040    
  -3.14580016E-02   9.90587170E-04 -0.999504566    
  -1.88827030E-02   3.56683653E-04 -0.999821663    
  -6.29542721E-03   3.96339747E-05 -0.999980211    
   6.29584026E-03   3.96391770E-05 -0.999980152    
   1.88828781E-02   3.56690289E-04 -0.999821663    
   3.14581767E-02   9.90598230E-04 -0.999504566    
   4.40132879E-02   1.94093690E-03 -0.999029040    
   5.65407313E-02   3.20714014E-03 -0.998395145    
   6.90323189E-02   4.78838943E-03 -0.997602940    
   8.14801231E-02   6.68368209E-03 -0.996652544    
   9.38762501E-02   8.89181625E-03 -0.995544136    
  0.106212862       1.14113912E-02 -0.994277954    
  0.118482105       1.42408106E-02 -0.992854059    
  0.130675986       1.73782147E-02 -0.991272807    
  0.142787233       2.08217371E-02 -0.989534378    
  0.154807925       2.45691352E-02 -0.987639010    
  0.166730449       2.86180321E-02 -0.985587120    
  0.178547233       3.29658613E-02 -0.983378947    
  0.190250784       3.76098603E-02 -0.981014848    
  0.201833695       4.25470956E-02 -0.978495240    
  0.213288397       4.77743223E-02 -0.975820541    
  0.224608049       5.32884337E-02 -0.972991049    
  0.235785261       5.90858236E-02 -0.970007300    
  0.246812969       6.51628375E-02 -0.966869771    
  0.257683933       7.15154782E-02 -0.963578999    
  0.268391699       7.81399459E-02 -0.960135460    
  0.278929263       8.50319639E-02 -0.956539631    
  0.289289743       9.21869949E-02 -0.952792227    
  0.299466938       9.96007696E-02 -0.948893666    
  0.309454292      0.107268482     -0.944844723    
  0.319245368      0.115185238     -0.940645933    
  0.328833967      0.123346016     -0.936298013    
  0.338214040      0.131745666     -0.931801677    
  0.347379655      0.140378833     -0.927157581    
  0.356324762      0.149239898     -0.922366560    
  0.365044147      0.158323571     -0.917429268    
  0.373531997      0.167623922     -0.912346482    
  0.381782949      0.177135050     -0.907119036    
  0.389791816      0.186850935     -0.901747763    
  0.397553474      0.196765393     -0.896233559    
  0.405063033      0.206872135     -0.890577257    
  0.412315577      0.217164606     -0.884779871    
  0.419306755      0.227636591     -0.878842056    
  0.426032096      0.238281339     -0.872764945    
  0.432487071      0.249091819     -0.866549551    
  0.438667953      0.260061622     -0.860196710    
  0.444570690      0.271183640     -0.853707433    
  0.450191408      0.282450736     -0.847082794    
  0.455526590      0.293855548     -0.840324044    
  0.460572958      0.305391282     -0.833431900    
  0.465327293      0.317050517     -0.826407611    
  0.469786495      0.328825653     -0.819252312    
  0.473947793      0.340709448     -0.811967075    
  0.477808565      0.352694243     -0.804553151    
  0.481366217      0.364772201     -0.797011793    
  0.484618664      0.376936078     -0.789343953    
  0.487563848      0.389178097     -0.781550944    
  0.490199804      0.401490360     -0.773634076    
  0.492524922      0.413865089     -0.765594482    
  0.494537652      0.426294416     -0.757433534    
  0.496236771      0.438770533     -0.749152482    
  0.497621238      0.451285243     -0.740752876    
  0.498690099      0.463831067     -0.732235610    
  0.499442697      0.476399779     -0.723602235    
  0.499878645      0.488983303     -0.714854360    
  0.499997526      0.501573980     -0.705992937    
  0.499799341      0.514163733     -0.697019577    
  0.499284238      0.526744425     -0.687935770    
  0.498452514      0.539307952     -0.678743005    
  0.497304648      0.551846743     -0.669442475    
  0.495841414      0.564352691     -0.660035789    
  0.494063765      0.576817811     -0.650524497    
  0.491972744      0.589234531     -0.640909851    
  0.489569843      0.601594150     -0.631193995    
  0.486856371      0.613889813     -0.621377647    
  0.483834326      0.626112282     -0.611463547    
  0.480505288      0.638255775     -0.601451755    
  0.476871639      0.650311053     -0.591345012    
  0.472935468      0.662271559     -0.581144094    
  0.468699515      0.674128652     -0.570851445    
  0.464166343      0.685875297     -0.560468316    
  0.459338605      0.697504520     -0.549995899    
  0.454219759      0.709008098     -0.539436638    
  0.448812723      0.720379472     -0.528791547    
  0.443121254      0.731610835     -0.518062949    
  0.437148511      0.742695570     -0.507251799    
  0.430898845      0.753626049     -0.496360689    
  0.424375653      0.764396131     -0.485390455    
  0.417583585      0.774998069     -0.474343657    
  0.410526454      0.785426080     -0.463221252    
  0.403209239      0.795672655     -0.452025831    
  0.395636052      0.805732071     -0.440758318    
  0.387812227      0.815597296     -0.429421335    
  0.379742503      0.825262368     -0.418016285    
  0.371431977      0.834721208     -0.406544954    
  0.362885922      0.843967736     -0.395009190    
  0.354109377      0.852996469     -0.383410335    
  0.345108658      0.861801147     -0.371751159    
  0.335888684      0.870376527     -0.360032588    
  0.326456100      0.878716826     -0.348257363    
  0.316816121      0.886817276     -0.336426497    
  0.306975573      0.894672036     -0.324542731    
  0.296939969      0.902276754     -0.312607050    
  0.286716491      0.909626245     -0.300622284    
  0.276310772      0.916716158     -0.288589388    
  0.265730202      0.923541546     -0.276511192    
  0.254981160      0.930098414     -0.264389157    
  0.244070411      0.936382413     -0.252225220    
  0.233004466      0.942390025     -0.240020812    
  0.221791163      0.948116839     -0.227778807    
  0.210436806      0.953559637     -0.215500250    
  0.198949426      0.958714664     -0.203187972    
  0.187335432      0.963578880     -0.190843016    
  0.175603092      0.968149066     -0.178468287    
  0.163758934      0.972422540     -0.166064769    
  0.151811391      0.976396143     -0.153635412    
  0.139767572      0.980067670     -0.141181692    
  0.127634659      0.983434975     -0.128705114    
  0.115421265      0.986495614     -0.116208598    
  0.103134215      0.989247799     -0.103693187    
   9.07826945E-02  0.991689503      -9.11622867E-02
   7.83726647E-02  0.993819535      -7.86159858E-02
   6.59134164E-02  0.995636344      -6.60576969E-02
   5.34118824E-02  0.997138977      -5.34884520E-02
   4.08769585E-02  0.998326302      -4.09112088E-02
   2.83156335E-02  0.999197543      -2.83270013E-02
   1.57368295E-02  0.999752283      -1.57387797E-02
   3.14756925E-03  0.999990106      -3.14758485E-03
  -9.44321044E-03  0.999910831       9.44363140E-03
  -2.20284779E-02  0.999514520       2.20338274E-02
  -3.45993005E-02  0.998801470       3.46200541E-02
  -4.71486561E-02  0.997772038       4.72012684E-02
  -5.96676394E-02  0.996427059       5.97745217E-02
  -7.21492544E-02  0.994767129       7.23387748E-02
  -8.45841765E-02  0.992793620       8.48906040E-02
  -9.69659239E-02  0.990507483       9.74294543E-02
 -0.109286666      0.987910330      0.109953336    
 -0.121537626      0.985003710      0.122459307    
 -0.133711964      0.981789470      0.134946331    
 -0.145801067      0.978269815      0.147411495    
 -0.157798156      0.974446774      0.159853756    
 -0.169694707      0.970322967      0.172270194    
 -0.181484118      0.965900779      0.184659809    
 -0.193157986      0.961183250      0.197019666    
 -0.204709798      0.956173062      0.209348753    
 -0.216131359      0.950873911      0.221644178    
 -0.227416277      0.945288479      0.233904928    
 -0.238556579      0.939420998      0.246128142    
 -0.249545574      0.933274746      0.258312315    
 -0.260376334      0.926853716      0.270455569    
 -0.271042377      0.920161903      0.282556355    
 -0.281536162      0.913203895      0.294611931    
 -0.291851789      0.905983448      0.306621224    
 -0.301981926      0.898505807      0.318581462    
 -0.311920941      0.890775263      0.330491632    
 -0.321661800      0.882797182      0.342348963    
 -0.331198692      0.874576390      0.354152024    
 -0.340525836      0.866117597      0.365899354    
 -0.349636734      0.857427120      0.377588242    
 -0.358526289      0.848509550      0.389217734    
 -0.367188066      0.839371383      0.400785029    
 -0.375617355      0.830017567      0.412289262    
 -0.383807838      0.820455253      0.423727244    
 -0.391755491      0.810688913      0.435098886    
 -0.399454474      0.800726056      0.446401149    
 -0.406900376      0.790571988      0.457633048    
 -0.414087981      0.780234039      0.468791991    
 -0.421013266      0.769718111      0.479876995    
 -0.427671313      0.759031415      0.490885526    
 -0.434058338      0.748180032      0.501816630    
 -0.440169930      0.737171769      0.512667775    
 -0.446002573      0.726012588      0.523438036    
 -0.451552182      0.714710593      0.534124911    
 -0.456815630      0.703271925      0.544727504    
 -0.461789191      0.691704929      0.555243313    
 -0.466469914      0.680016220      0.565671086    
 -0.470854819      0.668213367      0.576009214    
 -0.474941134      0.656303883      0.586256027    
 -0.478726417      0.644294798      0.596410215    
 -0.482207984      0.632194698      0.606469512    
 -0.485383898      0.620010316      0.616433024    
 -0.488251865      0.607750297      0.626298428    
 -0.490810275      0.595421374      0.636064887    
 -0.493057400      0.583032489      0.645730197    
 -0.494991869      0.570590556      0.655293405    
 -0.496612430      0.558104277      0.664752424    
 -0.497918069      0.545580626      0.674106359    
 -0.498907924      0.533028483      0.683353126    
 -0.499581397      0.520455062      0.692491829    
 -0.499938041      0.507869542      0.701520085    
 -0.499977708      0.495278090      0.710437834    
 -0.499700248      0.482690096      0.719242573    
 -0.499105930      0.470112652      0.727933586    
 -0.498195142      0.457554638      0.736508906    
 -0.496968299      0.445022970      0.744967759    
 -0.495426416      0.432526708      0.753308177    
 -0.493570387      0.420073271      0.761529207    
 -0.491401255      0.407670051      0.769629776    
 -0.488920569      0.395325780      0.777608037    
 -0.486129731      0.383047462      0.785463274    
 -0.483030736      0.370843798      0.793193698    
 -0.479625255      0.358721495      0.800798655    
 -0.475915790      0.346689314      0.808276355    
 -0.471904546      0.334754348      0.815625966    
 -0.467593968      0.322924107      0.822846174    
 -0.462986767      0.311205804      0.829936266    
 -0.458086133      0.299607605      0.836894512    
 -0.452894777      0.288136095      0.843720257    
 -0.447416425      0.276799321      0.850412071    
 -0.441654146      0.265603721      0.856969237    
 -0.435611993      0.254557163      0.863390326    
 -0.429293364      0.243665829      0.869674742    
 -0.422702760      0.232937485      0.875821054    
 -0.415843815      0.222378075      0.881828725    
 -0.408721417      0.211995125      0.887696385    
 -0.401339859      0.201794803      0.893423319    
 -0.393703461      0.191783220      0.899008751    
 -0.385818034      0.181967840      0.904451311    
 -0.377687305      0.172353402      0.909750819    
 -0.369317412      0.162947103      0.914905965    
 -0.360712975      0.153754190      0.919916213    
 -0.351880103      0.144781187      0.924780428    
 -0.342823744      0.136033133      0.929498196    
 -0.333550304      0.127516210      0.934068382    
 -0.324065059      0.119235188      0.938490689    
 -0.314374596      0.111195929      0.942764044    
 -0.304484457      0.103402957      0.946888089    
 -0.294401586       9.58617702E-02  0.950861812    
 -0.284131616       8.85765851E-02  0.954684973    
 -0.273681849       8.15525725E-02  0.958356619    
 -0.263058126       7.47936741E-02  0.961876452    
 -0.252268404       6.83049187E-02  0.965243518    
 -0.241317898       6.20894283E-02  0.968457818    
 -0.230214775       5.61518744E-02  0.971518457    
 -0.218965232       5.04955761E-02  0.974425197    
 -0.207577258       4.51245420E-02  0.977177262    
 -0.196057647       4.00419608E-02  0.979774475    
 -0.184413269       3.52508798E-02  0.982216418    
 -0.172652379       3.07546966E-02  0.984502554    
 -0.160781577       2.65559293E-02  0.986632705    
 -0.148809239       2.26575527E-02  0.988606334    
 -0.136742070       1.90617461E-02  0.990423262    
 -0.124588668       1.57710612E-02  0.992083132    
 -0.112355784       1.27873383E-02  0.993585765    
 -0.100052118       1.01126935E-02  0.994930804    
  -8.76850039E-02   7.74870161E-03  0.996118128    
  -7.52622783E-02   5.69686480E-03  0.997147501    
  -6.27913550E-02   3.95842362E-03  0.998018801    
  -5.02810962E-02   2.53461255E-03  0.998731911    
  -3.77384648E-02   1.42622588E-03  0.999286652    
  -2.51723789E-02   6.34050753E-04  0.999682903    
  -1.25898561E-02   1.58529612E-04  0.999920726    
   1.74845553E-07   3.05709674E-14   1.00000000    
 line   0.00000000       1.00000000       0.00000000             500
  -0.00000000      -0.00000000       1.00000000    
  -1.25902230E-02  -1.58540541E-04  0.999920726    
  -2.51724608E-02  -6.34059426E-04  0.999682903    
  -3.77387367E-02  -1.42624602E-03  0.999286652    
  -5.02810851E-02  -2.53461325E-03  0.998731911    
  -6.27915412E-02  -3.95845203E-03  0.998018801    
  -7.52621740E-02  -5.69685875E-03  0.997147501    
  -8.76850858E-02  -7.74873234E-03  0.996118128    
 -0.100052394      -1.01127466E-02  0.994930804    
 -0.112356246      -1.27874473E-02  0.993585706    
 -0.124588847      -1.57711208E-02  0.992083132    
 -0.136742443      -1.90618690E-02  0.990423203    
 -0.148809314      -2.26576068E-02  0.988606274    
 -0.160781831      -2.65560560E-02  0.986632645    
 -0.172652394      -3.07547040E-02  0.984502554    
 -0.184413433      -3.52509581E-02  0.982216418    
 -0.196057543      -4.00419459E-02  0.979774475    
 -0.207577333      -4.51246165E-02  0.977177262    
 -0.218965486      -5.04957512E-02  0.974425137    
 -0.230214790      -5.61518855E-02  0.971518457    
 -0.241318092      -6.20895401E-02  0.968457758    
 -0.252268344      -6.83049113E-02  0.965243578    
 -0.263058633      -7.47940242E-02  0.961876273    
 -0.273682088      -8.15528035E-02  0.958356559    
 -0.284132004      -8.85768533E-02  0.954684854    
 -0.294401735      -9.58619043E-02  0.950861752    
 -0.304484785     -0.103403233      0.946887970    
 -0.314374685     -0.111196063      0.942764044    
 -0.324065268     -0.119235456      0.938490570    
 -0.333550304     -0.127516210      0.934068382    
 -0.342823893     -0.136033297      0.929498076    
 -0.351880044     -0.144781187      0.924780428    
 -0.360713005     -0.153754324      0.919916153    
 -0.369317263     -0.162947044      0.914906025    
 -0.377687335     -0.172353417      0.909750819    
 -0.385817856     -0.181967676      0.904451430    
 -0.393703729     -0.191783592      0.899008572    
 -0.401339889     -0.201794967      0.893423259    
 -0.408721566     -0.211995468      0.887696207    
 -0.415844083     -0.222378507      0.881828487    
 -0.422702879     -0.232937679      0.875820935    
 -0.429293543     -0.243666232      0.869674563    
 -0.435612082     -0.254557371      0.863390207    
 -0.441654235     -0.265604079      0.856969118    
 -0.447416455     -0.276799381      0.850412011    
 -0.452894866     -0.288136333      0.843720138    
 -0.458086044     -0.299607605      0.836894512    
 -0.462986797     -0.311205983      0.829936147    
 -0.467593879     -0.322924078      0.822846293    
 -0.471904516     -0.334754348      0.815625906    
 -0.475915849     -0.346689522      0.808276236    
 -0.479625344     -0.358721972      0.800798357    
 -0.483030707     -0.370843977      0.793193579    
 -0.486129731     -0.383047849      0.785463095    
 -0.488920569     -0.395325810      0.777607977    
 -0.491401285     -0.407670259      0.769629598    
 -0.493570387     -0.420073271      0.761529207    
 -0.495426476     -0.432527006      0.753308117    
 -0.496968299     -0.445023417      0.744967580    
 -0.498195171     -0.457554668      0.736508906    
 -0.499105930     -0.470112890      0.727933466    
 -0.499700248     -0.482690126      0.719242573    
 -0.499977678     -0.495278299      0.710437715    
 -0.499938011     -0.507869542      0.701520205    
 -0.499581397     -0.520455599      0.692491472    
 -0.498907894     -0.533028722      0.683352947    
 -0.497918010     -0.545581043      0.674106061    
 -0.496612340     -0.558104396      0.664752305    
 -0.494991779     -0.570590913      0.655293167    
 -0.493057400     -0.583032548      0.645730138    
 -0.490810096     -0.595421791      0.636064708    
 -0.488251865     -0.607750297      0.626298428    
 -0.485383958     -0.620010436      0.616432905    
 -0.482207954     -0.632194698      0.606469631    
 -0.478726447     -0.644294858      0.596410215    
 -0.474941075     -0.656303883      0.586256146    
 -0.470854819     -0.668213367      0.576009214    
 -0.466469944     -0.680016279      0.565670967    
 -0.461788952     -0.691705227      0.555243015    
 -0.456815422     -0.703272402      0.544727027    
 -0.451551914     -0.714710951      0.534124672    
 -0.446002334     -0.726013005      0.523437679    
 -0.440169960     -0.737171829      0.512667596    
 -0.434058100     -0.748180449      0.501816273    
 -0.427670956     -0.759031713      0.490885377    
 -0.421012938     -0.769718409      0.479876757    
 -0.414087981     -0.780234039      0.468792051    
 -0.406900406     -0.790572047      0.457632899    
 -0.399454415     -0.800725996      0.446401209    
 -0.391755521     -0.810688972      0.435098857    
 -0.383807749     -0.820455134      0.423727393    
 -0.375617027     -0.830017924      0.412288755    
 -0.367188096     -0.839371443      0.400784880    
 -0.358525902     -0.848509908      0.389217347    
 -0.349636346     -0.857427299      0.377588093    
 -0.340525508     -0.866117954      0.365898967    
 -0.331198663     -0.874576390      0.354152083    
 -0.321661800     -0.882797241      0.342348784    
 -0.311920524     -0.890775561      0.330491245    
 -0.301981926     -0.898505867      0.318581402    
 -0.291851342     -0.905983627      0.306620955    
 -0.281536132     -0.913203895      0.294611871    
 -0.271041960     -0.920162141      0.282556087    
 -0.260376334     -0.926853776      0.270455629    
 -0.249545127     -0.933274925      0.258312166    
 -0.238556117     -0.939421177      0.246127740    
 -0.227415845     -0.945288718      0.233904526    
 -0.216131330     -0.950873911      0.221644014    
 -0.204709336     -0.956173301      0.209348351    
 -0.193157956     -0.961183250      0.197019607    
 -0.181483656     -0.965900898      0.184659511    
 -0.169694692     -0.970322967      0.172270149    
 -0.157797679     -0.974446893      0.159853458    
 -0.145801038     -0.978269815      0.147411555    
 -0.133711487     -0.981789589      0.134946153    
 -0.121537596     -0.985003710      0.122459367    
 -0.109286629     -0.987910271      0.109953396    
  -9.69663784E-02 -0.990507483       9.74297598E-02
  -8.45841542E-02 -0.992793620       8.48906711E-02
  -7.21482858E-02 -0.994767189       7.23381266E-02
  -5.96671402E-02 -0.996427059       5.97742274E-02
  -4.71481569E-02 -0.997772098       4.72007357E-02
  -3.45987976E-02 -0.998801470       3.46197598E-02
  -2.20279768E-02 -0.999514520       2.20334139E-02
  -9.44270939E-03 -0.999910831       9.44345631E-03
   3.14807007E-03 -0.999990106      -3.14799813E-03
   1.57368537E-02 -0.999752283      -1.57388356E-02
   2.83156577E-02 -0.999197543      -2.83271763E-02
   4.08769809E-02 -0.998326302      -4.09111455E-02
   5.34123853E-02 -0.997138917      -5.34886271E-02
   6.59134388E-02 -0.995636344      -6.60575107E-02
   7.83726871E-02 -0.993819535      -7.86160380E-02
   9.07827169E-02 -0.991689444      -9.11621079E-02
  0.103134707     -0.989247680     -0.103693716    
  0.115421757     -0.986495495     -0.116208769    
  0.127635151     -0.983434916     -0.128705516    
  0.139767587     -0.980067670     -0.141181737    
  0.151811406     -0.976396143     -0.153635576    
  0.163759425     -0.972422361     -0.166065186    
  0.175603569     -0.968148887     -0.178468451    
  0.187335894     -0.963578761     -0.190843433    
  0.198949441     -0.958714664     -0.203188032    
  0.210437268     -0.953559458     -0.215500534    
  0.221791178     -0.948116779     -0.227778867    
  0.233004913     -0.942389846     -0.240020975    
  0.244070426     -0.936382473     -0.252225131    
  0.254981190     -0.930098414     -0.264389217    
  0.265730649     -0.923541367     -0.276511461    
  0.276311189     -0.916715920     -0.288589776    
  0.286716908     -0.909626067     -0.300622433    
  0.296940386     -0.902276576     -0.312607437    
  0.306975573     -0.894671977     -0.324542791    
  0.316816509     -0.886816978     -0.336426765    
  0.326456100     -0.878716767     -0.348257422    
  0.335889101     -0.870376289     -0.360032737    
  0.345108658     -0.861801088     -0.371751100    
  0.354109406     -0.852996469     -0.383410394    
  0.362885982     -0.843967795     -0.395009011    
  0.371432006     -0.834721208     -0.406544894    
  0.379742891     -0.825262129     -0.418016434    
  0.387812555     -0.815596938     -0.429421723    
  0.395636350     -0.805731773     -0.440758675    
  0.403209239     -0.795672596     -0.452025980    
  0.410526723     -0.785425663     -0.463221639    
  0.417583942     -0.774997771     -0.474343807    
  0.424375951     -0.764395773     -0.485390812    
  0.430898845     -0.753625989     -0.496360838    
  0.437148839     -0.742695212     -0.507252157    
  0.443121552     -0.731610477     -0.518063068    
  0.448812991     -0.720379114     -0.528791845    
  0.454219848     -0.709008157     -0.539436579    
  0.459338635     -0.697504520     -0.549995840    
  0.464166105     -0.685875654     -0.560468018    
  0.468699515     -0.674128592     -0.570851386    
  0.472935736     -0.662271202     -0.581144273    
  0.476871699     -0.650311112     -0.591344953    
  0.480505258     -0.638255656     -0.601451933    
  0.483834177     -0.626112700     -0.611463308    
  0.486856490     -0.613889396     -0.621378005    
  0.489570051     -0.601593792     -0.631194115    
  0.491972893     -0.589234054     -0.640910208    
  0.494063705     -0.576817811     -0.650524616    
  0.495841503     -0.564352453     -0.660035968    
  0.497304827     -0.551846385     -0.669442594    
  0.498452634     -0.539307833     -0.678742945    
  0.499284297     -0.526744187     -0.687935889    
  0.499799281     -0.514163554     -0.697019756    
  0.499997556     -0.501573741     -0.705993056    
  0.499878764     -0.488982916     -0.714854479    
  0.499442726     -0.476399332     -0.723602533    
  0.498690009     -0.463830680     -0.732235909    
  0.497621268     -0.451285243     -0.740752816    
  0.496236742     -0.438770443     -0.749152601    
  0.494537652     -0.426294237     -0.757433653    
  0.492525011     -0.413864732     -0.765594602    
  0.490199834     -0.401490152     -0.773634195    
  0.487563789     -0.389177978     -0.781551063    
  0.484618694     -0.376935899     -0.789344072    
  0.481366247     -0.364772141     -0.797011793    
  0.477808595     -0.352693886     -0.804553270    
  0.473947763     -0.340709209     -0.811967194    
  0.469786406     -0.328825593     -0.819252372    
  0.465327233     -0.317050278     -0.826407671    
  0.460572988     -0.305390984     -0.833431959    
  0.455526531     -0.293855339     -0.840324104    
  0.450191349     -0.282450497     -0.847082913    
  0.444570512     -0.271183521     -0.853707492    
  0.438667923     -0.260061473     -0.860196769    
  0.432487100     -0.249091536     -0.866549671    
  0.426031888     -0.238280952     -0.872765183    
  0.419306517     -0.227636322     -0.878842294    
  0.412315428     -0.217164502     -0.884779930    
  0.405062884     -0.206872061     -0.890577316    
  0.397553355     -0.196765199     -0.896233678    
  0.389791757     -0.186850652     -0.901747882    
  0.381782830     -0.177134871     -0.907119095    
  0.373531848     -0.167623848     -0.912346542    
  0.365044028     -0.158323407     -0.917429328    
  0.356324822     -0.149239913     -0.922366560    
  0.347379565     -0.140378594     -0.927157640    
  0.338213891     -0.131745502     -0.931801736    
  0.328833789     -0.123345941     -0.936298072    
  0.319245219     -0.115185082     -0.940645993    
  0.309454173     -0.107268266     -0.944844782    
  0.299466848      -9.96006504E-02 -0.948893726    
  0.289289802      -9.21870023E-02 -0.952792168    
  0.278929114      -8.50319117E-02 -0.956539690    
  0.268391550      -7.81398416E-02 -0.960135460    
  0.257683814      -7.15152919E-02 -0.963579059    
  0.246812597      -6.51625991E-02 -0.966869891    
  0.235784888      -5.90856634E-02 -0.970007420    
  0.224607870      -5.32883853E-02 -0.972991109    
  0.213288441      -4.77743782E-02 -0.975820482    
  0.201833531      -4.25470062E-02 -0.978495240    
  0.190250635      -3.76097336E-02 -0.981014907    
  0.178547069      -3.29657793E-02 -0.983378947    
  0.166730270      -2.86179967E-02 -0.985587120    
  0.154807746      -2.45690662E-02 -0.987639070    
  0.142787054      -2.08216403E-02 -0.989534378    
  0.130676046      -1.73781905E-02 -0.991272807    
  0.118481942      -1.42407585E-02 -0.992854059    
  0.106212690      -1.14113707E-02 -0.994277954    
   9.38760862E-02  -8.89177527E-03 -0.995544195    
   8.14799517E-02  -6.68362668E-03 -0.996652544    
   6.90321401E-02  -4.78835870E-03 -0.997602940    
   5.65405563E-02  -3.20712896E-03 -0.998395145    
   4.40133549E-02  -1.94094935E-03 -0.999029040    
   3.14580016E-02  -9.90584493E-04 -0.999504566    
   1.88827030E-02  -3.56677512E-04 -0.999821663    
   6.29542721E-03  -3.96334253E-05 -0.999980211    
  -6.29584026E-03  -3.96382275E-05 -0.999980152    
  -1.88828781E-02  -3.56687437E-04 -0.999821663    
  -3.14581767E-02  -9.90600907E-04 -0.999504566    
  -4.40132879E-02  -1.94094086E-03 -0.999029040    
  -5.65407313E-02  -3.20715853E-03 -0.998395145    
  -6.90323189E-02  -4.78839548E-03 -0.997602940    
  -8.14801231E-02  -6.68366998E-03 -0.996652544    
  -9.38762501E-02  -8.89182463E-03 -0.995544136    
 -0.106212854      -1.14114257E-02 -0.994277954    
 -0.118482105      -1.42408209E-02 -0.992854059    
 -0.130675986      -1.73782278E-02 -0.991272807    
 -0.142787233      -2.08217148E-02 -0.989534378    
 -0.154807925      -2.45691501E-02 -0.987639010    
 -0.166730434      -2.86180861E-02 -0.985587120    
 -0.178547233      -3.29658762E-02 -0.983378947    
 -0.190250799      -3.76098342E-02 -0.981014848    
 -0.201833680      -4.25471105E-02 -0.978495240    
 -0.213288382      -4.77743410E-02 -0.975820541    
 -0.224608034      -5.32885045E-02 -0.972991049    
 -0.235785261      -5.90858459E-02 -0.970007300    
 -0.246812984      -6.51628003E-02 -0.966869771    
 -0.257683963      -7.15154409E-02 -0.963578999    
 -0.268391669      -7.81399757E-02 -0.960135460    
 -0.278929234      -8.50320533E-02 -0.956539631    
 -0.289289713      -9.21870843E-02 -0.952792227    
 -0.299466938      -9.96007994E-02 -0.948893666    
 -0.309454322     -0.107268430     -0.944844723    
 -0.319245368     -0.115185253     -0.940645933    
 -0.328833908     -0.123346120     -0.936298013    
 -0.338214040     -0.131745696     -0.931801677    
 -0.347379684     -0.140378773     -0.927157581    
 -0.356324792     -0.149239853     -0.922366560    
 -0.365044117     -0.158323601     -0.917429268    
 -0.373531938     -0.167624041     -0.912346482    
 -0.381782919     -0.177135080     -0.907119036    
 -0.389791846     -0.186850861     -0.901747763    
 -0.397553474     -0.196765408     -0.896233559    
 -0.405062973     -0.206872270     -0.890577257    
 -0.412315488     -0.217164725     -0.884779871    
 -0.419306755     -0.227636635     -0.878842056    
 -0.426032126     -0.238281280     -0.872764945    
 -0.432487130     -0.249091759     -0.866549551    
 -0.438667923     -0.260061681     -0.860196710    
 -0.444570571     -0.271183789     -0.853707433    
 -0.450191408     -0.282450765     -0.847082794    
 -0.455526561     -0.293855578     -0.840324044    
 -0.460572988     -0.305391222     -0.833431900    
 -0.465327263     -0.317050546     -0.826407611    
 -0.469786346     -0.328825831     -0.819252312    
 -0.473947763     -0.340709478     -0.811967075    
 -0.477808625     -0.352694154     -0.804553151    
 -0.481366277     -0.364772111     -0.797011793    
 -0.484618634     -0.376936108     -0.789343953    
 -0.487563729     -0.389178246     -0.781550944    
 -0.490199775     -0.401490390     -0.773634076    
 -0.492524981     -0.413865030     -0.765594482    
 -0.494537592     -0.426294446     -0.757433534    
 -0.496236652     -0.438770682     -0.749152482    
 -0.497621089     -0.451285392     -0.740752876    
 -0.498690069     -0.463831097     -0.732235610    
 -0.499442786     -0.476399690     -0.723602235    
 -0.499878734     -0.488983214     -0.714854360    
 -0.499997467     -0.501574039     -0.705992937    
 -0.499799192     -0.514163852     -0.697019577    
 -0.499284208     -0.526744485     -0.687935770    
 -0.498452455     -0.539308012     -0.678743005    
 -0.497304738     -0.551846683     -0.669442475    
 -0.495841354     -0.564352751     -0.660035789    
 -0.494063586     -0.576817989     -0.650524497    
 -0.491972834     -0.589234471     -0.640909851    
 -0.489569932     -0.601594090     -0.631193995    
 -0.486856163     -0.613889992     -0.621377647    
 -0.483834445     -0.626112223     -0.611463547    
 -0.480505109     -0.638255954     -0.601451755    
 -0.476871461     -0.650311232     -0.591345012    
 -0.472935557     -0.662271500     -0.581144094    
 -0.468699604     -0.674128592     -0.570851445    
 -0.464166462     -0.685875237     -0.560468316    
 -0.459338367     -0.697504640     -0.549995899    
 -0.454219580     -0.709008217     -0.539436638    
 -0.448812842     -0.720379412     -0.528791547    
 -0.443121374     -0.731610715     -0.518062949    
 -0.437148303     -0.742695749     -0.507251799    
 -0.430898607     -0.753626227     -0.496360689    
 -0.424375772     -0.764396071     -0.485390455    
 -0.417583704     -0.774998009     -0.474343657    
 -0.410526216     -0.785426199     -0.463221252    
 -0.403208971     -0.795672774     -0.452025831    
 -0.395636141     -0.805732012     -0.440758318    
 -0.387812376     -0.815597236     -0.429421335    
 -0.379742652     -0.825262308     -0.418016285    
 -0.371432126     -0.834721148     -0.406544954    
 -0.362886041     -0.843967676     -0.395009190    
 -0.354109108     -0.852996588     -0.383410335    
 -0.345108390     -0.861801267     -0.371751159    
 -0.335888803     -0.870376468     -0.360032588    
 -0.326456219     -0.878716767     -0.348257363    
 -0.316815823     -0.886817336     -0.336426497    
 -0.306975305     -0.894672096     -0.324542731    
 -0.296940118     -0.902276754     -0.312607050    
 -0.286716640     -0.909626186     -0.300622284    
 -0.276310444     -0.916716278     -0.288589388    
 -0.265729904     -0.923541665     -0.276511192    
 -0.254980832     -0.930098474     -0.264389157    
 -0.244070098     -0.936382532     -0.252225220    
 -0.233004585     -0.942390025     -0.240020812    
 -0.221791312     -0.948116779     -0.227778807    
 -0.210436493     -0.953559697     -0.215500250    
 -0.198949113     -0.958714724     -0.203187972    
 -0.187335566     -0.963578880     -0.190843016    
 -0.175603241     -0.968149066     -0.178468287    
 -0.163758621     -0.972422600     -0.166064769    
 -0.151811063     -0.976396203     -0.153635412    
 -0.139767244     -0.980067730     -0.141181692    
 -0.127634808     -0.983434975     -0.128705114    
 -0.115421414     -0.986495554     -0.116208598    
 -0.103133895     -0.989247799     -0.103693187    
  -9.07828435E-02 -0.991689444      -9.11622867E-02
  -7.83723369E-02 -0.993819594      -7.86159858E-02
  -6.59130886E-02 -0.995636404      -6.60576969E-02
  -5.34120351E-02 -0.997138977      -5.34884520E-02
  -4.08771113E-02 -0.998326302      -4.09112088E-02
  -2.83153076E-02 -0.999197602      -2.83270013E-02
  -1.57365035E-02 -0.999752283      -1.57387797E-02
  -3.14772036E-03 -0.999990106      -3.14758485E-03
   9.44305956E-03 -0.999910831       9.44363140E-03
   2.20288038E-02 -0.999514520       2.20338274E-02
   3.45996246E-02 -0.998801470       3.46200541E-02
   4.71485034E-02 -0.997772038       4.72012684E-02
   5.96674867E-02 -0.996427059       5.97745217E-02
   7.21495748E-02 -0.994767070       7.23387748E-02
   8.45840275E-02 -0.992793620       8.48906040E-02
   9.69657749E-02 -0.990507543       9.74294543E-02
  0.109286986     -0.987910271      0.109953336    
  0.121537939     -0.985003650      0.122459307    
  0.133711815     -0.981789529      0.134946331    
  0.145800918     -0.978269815      0.147411495    
  0.157798454     -0.974446714      0.159853756    
  0.169695035     -0.970322907      0.172270194    
  0.181483984     -0.965900779      0.184659809    
  0.193157852     -0.961183250      0.197019666    
  0.204710111     -0.956173003      0.209348753    
  0.216131672     -0.950873792      0.221644178    
  0.227416128     -0.945288539      0.233904928    
  0.238556445     -0.939420998      0.246128142    
  0.249545425     -0.933274746      0.258312315    
  0.260376215     -0.926853776      0.270455569    
  0.271042705     -0.920161843      0.282556355    
  0.281536460     -0.913203776      0.294611931    
  0.291851640     -0.905983448      0.306621224    
  0.301981777     -0.898505867      0.318581462    
  0.311921239     -0.890775144      0.330491632    
  0.321662068     -0.882797062      0.342348963    
  0.331198961     -0.874576271      0.354152024    
  0.340525717     -0.866117656      0.365899354    
  0.349636644     -0.857427180      0.377588242    
  0.358526558     -0.848509490      0.389217734    
  0.367188364     -0.839371264      0.400785029    
  0.375617236     -0.830017626      0.412289262    
  0.383808106     -0.820455074      0.423727244    
  0.391755372     -0.810688972      0.435098886    
  0.399454355     -0.800726116      0.446401149    
  0.406900644     -0.790571868      0.457633048    
  0.414088219     -0.780233979      0.468791991    
  0.421013147     -0.769718111      0.479876995    
  0.427671194     -0.759031475      0.490885526    
  0.434058607     -0.748179913      0.501816630    
  0.440170199     -0.737171650      0.512667775    
  0.446002454     -0.726012647      0.523438036    
  0.451552093     -0.714710653      0.534124911    
  0.456815809     -0.703271747      0.544727504    
  0.461789399     -0.691704750      0.555243313    
  0.466470152     -0.680016100      0.565671086    
  0.470854998     -0.668213248      0.576009214    
  0.474941343     -0.656303704      0.586256027    
  0.478726327     -0.644294918      0.596410215    
  0.482207894     -0.632194757      0.606469512    
  0.485384077     -0.620010197      0.616433024    
  0.488252044     -0.607750118      0.626298428    
  0.490810215     -0.595421493      0.636064887    
  0.493057311     -0.583032608      0.645730197    
  0.494992107     -0.570590377      0.655293405    
  0.496612608     -0.558104098      0.664752424    
  0.497918040     -0.545580685      0.674106359    
  0.498907834     -0.533028543      0.683353126    
  0.499581575     -0.520454884      0.692491829    
  0.499937981     -0.507869601      0.701520085    
  0.499977887     -0.495277911      0.710437834    
  0.499700427     -0.482689947      0.719242573    
  0.499105871     -0.470112711      0.727933586    
  0.498195082     -0.457554698      0.736508906    
  0.496968478     -0.445022821      0.744967759    
  0.495426565     -0.432526559      0.753308177    
  0.493570507     -0.420073122      0.761529207    
  0.491401166     -0.407670110      0.769629776    
  0.488920480     -0.395325840      0.777608037    
  0.486129850     -0.383047283      0.785463274    
  0.483030826     -0.370843619      0.793193698    
  0.479625225     -0.358721584      0.800798655    
  0.475915730     -0.346689373      0.808276355    
  0.471904486     -0.334754437      0.815625966    
  0.467593938     -0.322924197      0.822846174    
  0.462986887     -0.311205626      0.829936266    
  0.458086222     -0.299607486      0.836894512    
  0.452894747     -0.288136154      0.843720257    
  0.447416365     -0.276799411      0.850412071    
  0.441654235     -0.265603572      0.856969237    
  0.435612082     -0.254557014      0.863390326    
  0.429293334     -0.243665889      0.869674742    
  0.422702730     -0.232937545      0.875821054    
  0.415843874     -0.222377941      0.881828725    
  0.408721477     -0.211994991      0.887696385    
  0.401339889     -0.201794669      0.893423319    
  0.393703431     -0.191783294      0.899008751    
  0.385818064     -0.181967705      0.904451311    
  0.377687275     -0.172353461      0.909750819    
  0.369317383     -0.162947163      0.914905965    
  0.360713005     -0.153754070      0.919916213    
  0.351880133     -0.144781083      0.924780428    
  0.342823714     -0.136033177      0.929498196    
  0.333550304     -0.127516255      0.934068382    
  0.324065089     -0.119235091      0.938490689    
  0.314374655     -0.111195832      0.942764044    
  0.304484457     -0.103402995      0.946888089    
  0.294401586      -9.58618075E-02  0.950861812    
  0.284131646      -8.85764956E-02  0.954684973    
  0.273681879      -8.15524831E-02  0.958356619    
  0.263058096      -7.47937113E-02  0.961876452    
  0.252268434      -6.83048368E-02  0.965243518    
  0.241317898      -6.20894656E-02  0.968457818    
  0.230214760      -5.61519116E-02  0.971518457    
  0.218965247      -5.04955053E-02  0.974425197    
  0.207577273      -4.51244712E-02  0.977177262    
  0.196057662      -4.00418974E-02  0.979774475    
  0.184413269      -3.52509059E-02  0.982216418    
  0.172652379      -3.07547227E-02  0.984502554    
  0.160781577      -2.65558772E-02  0.986632705    
  0.148809239      -2.26575024E-02  0.988606334    
  0.136742070      -1.90617666E-02  0.990423262    
  0.124588668      -1.57710798E-02  0.992083132    
  0.112355791      -1.27873020E-02  0.993585765    
  0.100052126      -1.01126600E-02  0.994930804    
   8.76850039E-02  -7.74867274E-03  0.996118128    
   7.52622783E-02  -5.69684058E-03  0.997147501    
   6.27913550E-02  -3.95843340E-03  0.998018801    
   5.02810962E-02  -2.53462023E-03  0.998731911    
   3.77384648E-02  -1.42621354E-03  0.999286652    
   2.51723789E-02  -6.34042546E-04  0.999682903    
   1.25898561E-02  -1.58531519E-04  0.999920726    
  -1.74845553E-07  -4.17002451E-15   1.00000000    
